0 0.36406250 0.46770833 0.27500000 0.52291667
3 0.35859375 0.23958333 0.04843750 0.05416667
1 0.35703125 0.25520833 0.21093750 0.05625000
1 0.36171875 0.36562500 0.27343750 0.06458333
1 0.35937500 0.47916667 0.24062500 0.05416667
2 0.27968750 0.29062500 0.02812500 0.08125000
2 0.44921875 0.29270833 0.02343750 0.08125000
2 0.23984375 0.40208333 0.02968750 0.09166667
2 0.48750000 0.40520833 0.02812500 0.08958333
2 0.25625000 0.51875000 0.03125000 0.08750000
2 0.47109375 0.52083333 0.02968750 0.08750000
