0 0.38750000 0.36500000 0.22500000 0.62000000
3 0.40000000 0.08250000 0.09000000 0.05500000
1 0.38750000 0.11250000 0.20500000 0.07500000
1 0.38850000 0.20500000 0.21300000 0.07000000
1 0.38500000 0.30750000 0.22000000 0.07500000
2 0.30000000 0.13500000 0.03000000 0.06000000
2 0.48150000 0.13750000 0.02700000 0.06500000
2 0.29700000 0.22250000 0.03000000 0.05500000
2 0.49000000 0.22500000 0.03000000 0.06000000
2 0.29000000 0.32100000 0.03000000 0.05800000
2 0.49700000 0.32500000 0.03000000 0.06000000
