0 0.26900000 0.24250000 0.14200000 0.38500000
3 0.27250000 0.08250000 0.06500000 0.06500000
1 0.26250000 0.09750000 0.09500000 0.06500000
1 0.26400000 0.17250000 0.10200000 0.06500000
1 0.26250000 0.25500000 0.11500000 0.06000000
2 0.22500000 0.11500000 0.02000000 0.05000000
2 0.30800000 0.11750000 0.02000000 0.05500000
2 0.22500000 0.19000000 0.02000000 0.05000000
2 0.31100000 0.19250000 0.02200000 0.05500000
2 0.22500000 0.27250000 0.02000000 0.05500000
2 0.31500000 0.27500000 0.02000000 0.06000000
