0 0.71250000 0.26513672 0.24558824 0.45410156
3 0.71176471 0.05712891 0.02352941 0.03808594
1 0.71323529 0.08007812 0.16176471 0.03125000
1 0.71617647 0.14941406 0.24411765 0.03320312
1 0.71911765 0.20996094 0.20294118 0.03320312
2 0.63897059 0.10546875 0.01911765 0.03320312
2 0.78897059 0.10644531 0.01911765 0.03320312
2 0.60441176 0.17138672 0.02058824 0.03613281
2 0.82941176 0.17187500 0.02058824 0.03515625
2 0.63014706 0.23486328 0.02205882 0.04003906
2 0.81691176 0.23681641 0.02205882 0.04003906
