0 0.50250000 0.45750000 0.37500000 0.86500000
3 0.49000000 0.08750000 0.12000000 0.10500000
1 0.51000000 0.16250000 0.30000000 0.09500000
1 0.51500000 0.28500000 0.43000000 0.12000000
1 0.51500000 0.41000000 0.35000000 0.12000000
2 0.38000000 0.17500000 0.05000000 0.11000000
2 0.63250000 0.17500000 0.04500000 0.11000000
2 0.32500000 0.30250000 0.05000000 0.11500000
2 0.71250000 0.30750000 0.04500000 0.11500000
2 0.36500000 0.43250000 0.05000000 0.11500000
2 0.67500000 0.43250000 0.05000000 0.11500000
